[[0.04293863 0.04882854 0.42619988 ... 0.         0.         0.        ]
 [0.04694468 0.03118665 0.3163492  ... 0.         0.         0.        ]
 [0.04807857 0.03554887 0.8272752  ... 0.         0.         0.        ]
 ...
 [0.9551809  0.9424236  0.3216038  ... 0.         0.         0.        ]
 [0.9623064  0.958668   0.28999877 ... 0.         0.         0.        ]
 [0.96928144 0.965173   0.77546704 ... 0.         0.         0.        ]]
[[0.02463342 0.02333659 0.05495221 ... 0.         0.         0.        ]
 [0.02090181 0.02225822 0.33775222 ... 0.         0.         0.        ]
 [0.02340302 0.01791015 0.0752717  ... 0.         0.         0.        ]
 ...
 [0.97918755 0.9765321  0.03647777 ... 0.         0.         0.        ]
 [0.9808961  0.9752033  0.30434746 ... 0.         0.         0.        ]
 [0.9764394  0.9796418  0.07688943 ... 0.         0.         0.        ]]
[[0.00819362 0.00568966 0.0133029  ... 0.         0.         0.        ]
 [0.00931387 0.01194337 0.02166026 ... 0.         0.         0.        ]
 [0.01041334 0.00934902 0.16018759 ... 0.         0.         0.        ]
 ...
 [0.9886198  0.9884371  0.01900044 ... 0.         0.         0.        ]
 [0.9895977  0.9866076  0.0196676  ... 0.         0.         0.        ]
 [0.98807865 0.98984873 0.1533716  ... 0.         0.         0.        ]]