[[0.04444883 0.04937832 0.41199744 ... 0.         0.         0.        ]
 [0.04891114 0.03224552 0.31929547 ... 0.         0.         0.        ]
 [0.04802072 0.03627474 0.81857145 ... 0.         0.         0.        ]
 ...
 [0.95520866 0.9423701  0.29274037 ... 0.         0.         0.        ]
 [0.9629084  0.9568347  0.27897435 ... 0.         0.         0.        ]
 [0.9675139  0.96023154 0.78148717 ... 0.         0.         0.        ]]
[[0.02452377 0.02328649 0.05410542 ... 0.         0.         0.        ]
 [0.020353   0.02231122 0.3385502  ... 0.         0.         0.        ]
 [0.02329978 0.01794619 0.07539706 ... 0.         0.         0.        ]
 ...
 [0.97870165 0.975553   0.03785532 ... 0.         0.         0.        ]
 [0.98189896 0.9745554  0.3098729  ... 0.         0.         0.        ]
 [0.9766134  0.97997767 0.07899223 ... 0.         0.         0.        ]]
[[0.00859394 0.00556226 0.01329106 ... 0.         0.         0.        ]
 [0.00942278 0.01183706 0.02160948 ... 0.         0.         0.        ]
 [0.01033372 0.00935439 0.16287605 ... 0.         0.         0.        ]
 ...
 [0.98849106 0.98843586 0.01742163 ... 0.         0.         0.        ]
 [0.9892882  0.98637766 0.01954422 ... 0.         0.         0.        ]
 [0.9879761  0.98942626 0.15292121 ... 0.         0.         0.        ]]